
Time
Result
Winners
Prizes
06:06
9
80
37,316,866
06:05
15
114
42,048,153
06:04
12
126
41,245,708
06:03
8
95
41,714,376
06:02
13
113
21,723,928
06:01
10
84
21,415,038
06:00
20
105
23,595,903
05:59
16
98
20,841,975
05:58
11
111
21,935,029
05:57
21
98
23,456,926
05:56
20
92
24,602,715
05:55
15
116
22,698,672
05:54
19
87
23,123,108
05:53
17
97
21,268,639
05:52
5
64
23,302,339
05:51
17
90
16,856,559
05:50
8
115
19,937,752
05:49
13
111
23,711,433
05:48
16
114
19,404,315
05:47
16
126
19,624,863
05:46
19
97
19,354,615
05:45
10
117
20,189,761
05:44
12
107
16,328,802
05:43
10
85
14,119,483
05:42
26
74
14,220,437
05:41
18
135
11,843,540
05:40
18
105
20,714,679
05:39
5
90
13,931,281
05:38
13
115
16,933,248
05:37
7
96
14,110,931
05:36
13
106
12,916,699
05:35
10
113
12,615,776
05:34
5
84
15,558,488
05:33
22
80
11,240,066
05:32
19
96
11,785,080
05:31
8
98
18,011,374
05:30
18
114
11,674,164
05:29
16
114
11,438,911
05:28
10
97
8,509,640
05:27
13
99
19,426,187
05:26
18
127
20,079,301
05:25
16
117
19,473,569
05:24
17
107
13,879,135
05:23
21
99
16,456,992
05:22
9
107
18,014,777
05:21
7
102
19,398,371
05:20
16
117
21,472,624
05:19
12
123
18,998,000
05:18
14
131
20,538,503
05:17
13
113
44,662,849
05:16
13
114
38,421,800
05:15
19
91
50,859,592
05:14
14
134
22,910,705
05:13
10
116
40,246,323
05:12
18
106
48,471,074
05:11
7
91
30,798,770
05:10
15
110
51,052,571
05:09
12
114
45,309,226
05:08
8
88
20,207,090
05:07
14
116
44,570,594
05:07
14
116
44,570,594
05:06
10
103
14,177,670
05:05
17
97
19,040,244
05:04
12
116
14,284,991
05:03
12
105
17,594,074
05:02
9
95
14,009,695
05:01
18
99
16,296,348
05:00
16
125
18,360,646
04:59
13
76
17,859,425
04:58
15
114
18,111,166
04:57
8
95
17,738,702
04:56
17
121
18,006,916
04:55
15
113
14,416,068
04:54
15
142
15,741,484
04:53
22
94
25,712,705
04:52
13
101
17,657,918
04:51
20
93
15,554,356
04:50
23
70
17,342,913
04:49
8
75
13,401,504
04:48
19
83
15,172,717
04:47
12
119
34,601,805
04:46
12
108
32,146,968
04:45
20
120
41,170,731
04:44
15
134
31,908,978
04:43
23
90
32,404,654
04:42
14
128
13,433,174
04:41
19
106
32,894,995
04:40
12
119
36,843,652
04:39
20
138
47,304,154
04:38
16
125
31,504,330
04:37
18
131
19,795,751
04:36
16
126
12,417,155
04:35
17
108
20,050,939
04:34
16
130
20,474,321
04:33
15
149
14,625,066
04:32
7
108
18,806,709
04:31
21
120
20,645,504
04:30
17
126
25,480,425
04:29
9
124
15,324,872
04:28
15
133
16,863,936
04:27
23
72
21,306,661
04:26
11
125
15,949,997
04:25
19
106
13,213,384
04:24
16
129
14,925,983
04:23
10
101
12,286,248
04:22
15
117
17,431,871
04:21
12
145
15,461,249
04:20
10
147
36,324,632
04:19
17
138
48,388,980
04:18
14
137
47,522,041
04:17
8
120
35,481,888
04:16
9
110
44,238,562
04:15
12
138
40,970,290
04:14
10
99
56,135,868
04:13
19
105
34,382,074
04:12
22
102
41,161,607
04:11
8
99
40,067,893
04:10
16
125
48,075,205
04:09
12
127
39,436,385
04:08
12
145
47,641,488
04:07
10
111
46,691,560
04:06
7
84
39,940,982
04:05
20
96
40,256,858
04:04
4
103
61,319,955
04:03
15
143
41,237,017
04:02
20
116
79,351,422
04:01
14
139
73,082,877
04:00
18
144
80,606,342
03:59
19
128
41,537,856
03:58
17
121
51,547,635
03:57
12
128
43,197,577
03:56
9
103
54,244,227
03:55
21
107
51,673,890
03:54
14
108
46,131,592
03:53
17
107
55,144,948
03:52
24
88
37,680,158
03:51
13
117
51,091,229
03:50
21
84
40,398,658
03:49
12
118
40,724,709
03:48
17
103
43,582,482
03:47
25
90
32,097,336
03:46
9
130
42,126,629
03:45
15
122
46,802,930
03:44
6
130
54,456,668
03:43
18
126
39,675,771
03:42
7
128
35,672,133
03:41
12
173
40,635,970
03:40
12
146
49,619,790
03:39
14
175
50,700,319
03:38
12
166
54,463,551
03:37
9
156
47,209,347
03:36
5
100
39,561,275
03:35
14
180
37,210,179
03:34
12
139
36,385,158
03:33
5
124
41,685,305
03:32
11
151
47,883,917
03:31
17
132
41,535,980
03:30
6
82
35,207,761
03:29
18
152
40,397,984
03:28
22
110
44,601,938
03:27
12
139
38,250,103
03:26
16
124
40,866,302
03:25
5
113
54,943,156
03:24
23
120
47,633,346
03:23
15
165
45,135,014
03:22
7
105
40,259,289
03:21
20
127
41,368,303
03:20
8
154
27,105,453
03:19
11
168
27,035,018
03:18
9
171
29,692,646
03:17
11
128
26,266,550
03:16
20
166
39,469,813
03:15
19
130
39,475,681
03:14
7
137
41,356,984
03:13
13
128
47,648,821
03:12
18
119
38,020,587
03:11
4
105
37,016,708
03:10
20
189
37,908,546
03:09
14
166
38,883,118
03:08
13
185
39,866,679
03:07
5
147
38,636,462
03:06
25
143
44,262,142
03:05
18
208
44,403,269
03:04
18
182
43,812,484
03:03
15
204
44,824,610
03:02
23
141
41,507,493
03:01
20
111
41,871,273
03:00
4
153
37,529,817
02:59
14
202
39,141,096
02:58
15
223
37,347,153
02:57
17
198
36,947,679
02:56
16
190
37,633,097
02:55
14
181
35,735,434
02:54
14
194
35,341,645
02:53
15
212
21,471,452
02:52
15
192
23,771,478
02:51
13
195
25,560,220
02:50
6
187
24,227,627
02:49
5
138
23,493,725
02:48
15
228
28,100,980
02:48
15
228
28,100,980
02:47
21
139
25,288,889
02:46
12
186
17,922,475
02:45
10
207
32,776,189
02:44
10
148
26,175,200
02:43
16
193
19,926,624
02:42
14
204
29,613,646
02:41
15
200
38,591,968
02:40
7
164
46,392,427
02:39
12
163
18,640,241
02:38
7
144
22,227,866
02:37
12
155
19,066,945
02:36
20
130
18,341,924
02:35
10
185
19,813,961
02:34
18
170
18,480,333
02:33
15
188
19,881,035
02:32
22
139
18,666,110
02:31
16
149
17,163,495
02:30
11
170
19,459,758
02:29
11
169
18,157,409
02:28
4
113
21,874,829
02:27
21
149
19,080,130
02:26
19
175
21,323,949
02:25
15
188
16,083,436
02:24
16
163
38,445,366
02:23
12
187
42,799,362
02:22
14
182
18,881,374
02:21
22
128
24,506,495
02:20
16
164
21,635,420
02:19
16
172
22,957,709
02:18
23
97
20,822,842
02:17
8
146
19,933,133
02:16
4
101
19,507,571
02:15
16
177
19,053,189
02:14
5
127
19,025,407
02:13
15
151
18,423,279
02:12
11
194
17,611,239
02:11
17
200
17,916,418
02:10
16
185
15,772,353
02:09
15
188
18,281,558
02:08
22
113
14,008,704
02:07
18
153
13,285,805
02:06
13
184
13,191,560
02:05
12
177
17,824,772
02:04
21
110
15,954,517
02:03
13
148
14,878,572
02:02
12
154
11,282,855
02:01
9
149
11,710,942
02:00
16
179
12,663,074
01:59
12
168
11,090,936
01:58
10
150
9,077,429
01:57
14
174
10,568,294
01:56
18
188
13,972,850
01:55
17
155
15,419,578
01:54
11
199
15,486,554
01:53
11
186
14,879,943
01:52
18
162
16,171,870
01:51
22
136
19,517,183
01:50
15
174
23,998,109
01:49
14
181
22,017,692
01:48
15
159
23,675,747
01:47
7
162
19,527,539
01:46
20
180
22,455,745
01:45
20
175
29,668,744
01:44
16
205
29,050,061
01:43
10
191
26,001,962
01:42
11
191
24,798,353
01:41
8
160
24,518,454
01:40
18
176
23,457,122
01:39
16
183
23,632,499
01:38
18
165
22,749,971
01:37
12
166
22,688,753
01:36
21
162
30,012,908
01:35
7
136
18,667,184
01:34
10
171
27,736,082
01:33
11
201
31,292,766
01:32
11
172
23,716,698
01:31
20
149
23,156,419
01:30
12
203
22,051,440
01:29
10
206
22,920,902
01:28
17
177
26,214,817
01:27
19
172
19,190,543
01:26
21
139
20,085,982
01:25
12
179
23,019,154
01:24
11
173
31,512,013
01:23
19
154
22,643,398
01:22
17
178
22,343,393
01:21
7
148
26,006,968
01:20
14
168
32,952,676
01:19
8
148
23,026,312
01:18
11
167
26,458,096
01:17
6
149
25,065,204
01:16
8
140
31,210,903
01:15
20
137
24,563,206
01:14
13
184
20,758,303
01:13
22
133
28,567,300
01:12
17
203
33,872,340
01:11
10
200
21,410,779
01:10
9
201
22,990,109
01:09
19
184
27,703,130
01:08
13
166
28,230,341
01:07
17
192
20,279,572
01:06
4
140
25,512,222
01:05
13
231
29,874,390
01:04
10
210
22,258,422
01:03
11
177
22,314,104
01:02
16
156
30,923,512
01:01
15
172
26,682,649
01:00
20
135
26,475,142
00:59
12
181
30,491,178
00:58
17
163
27,678,646
00:57
5
138
23,857,468
00:56
15
202
23,384,918
00:55
10
172
23,896,527
00:54
13
140
13,739,196
00:53
16
178
19,915,467
00:52
13
150
19,747,196
00:51
13
170
22,689,181
00:50
5
118
24,673,370
00:49
16
142
13,125,447
00:48
23
113
18,702,551
00:47
10
160
18,964,544
00:46
16
146
18,437,397
00:45
10
149
25,934,101
00:44
20
123
17,814,025
00:43
24
114
26,933,008
00:42
16
196
22,740,850
00:41
11
163
27,372,421
00:40
8
147
27,724,182
00:39
13
157
25,103,583
00:38
6
170
27,803,555
00:37
2
109
28,748,093
00:36
24
130
28,128,707
00:35
19
134
24,981,926
00:34
10
169
101,801,480
00:33
7
147
20,321,132
00:32
9
157
34,003,834
00:31
13
176
25,675,855
00:30
21
98
18,737,566
00:29
13
161
25,689,829
00:29
13
161
25,689,829
00:28
18
165
32,364,169
00:27
16
180
32,310,662
00:26
8
165
35,265,067
00:25
12
177
35,355,402
00:24
7
114
34,527,644
00:23
20
141
34,351,454
00:22
7
163
31,043,275
00:21
6
164
31,266,228
00:20
5
124
30,725,195
00:19
22
141
32,577,983
00:18
19
157
29,488,625
00:17
18
169
20,247,176
00:16
2
99
20,585,367
00:15
8
167
25,724,713
00:14
12
178
20,085,907
00:13
7
135
21,806,360
00:12
8
138
16,563,964
00:11
23
103
16,924,134
00:10
13
176
17,342,623
00:09
8
131
15,695,546
00:08
11
151
15,489,014
00:07
8
161
15,075,953
00:06
14
172
18,428,069
00:05
13
152
23,189,618
00:04
15
143
19,906,686
00:03
12
166
19,214,558
00:02
12
130
18,258,146
00:01
15
149
19,919,969
00:00
11
167
18,205,384
06.10 23:59
8
129
20,373,967
06.10 23:58
13
160
16,390,952
06.10 23:57
20
128
16,336,730
06.10 23:56
18
141
16,805,113
06.10 23:55
14
149
20,064,623
06.10 23:54
16
134
20,110,857
06.10 23:53
16
175
14,992,459
06.10 23:52
8
108
17,475,560
06.10 23:51
21
95
13,928,417
06.10 23:50
8
127
14,471,233
06.10 23:49
10
140
14,644,956
06.10 23:48
9
133
14,734,349
06.10 23:47
14
130
16,471,343
06.10 23:46
12
155
15,499,739
06.10 23:45
14
150
14,522,216
06.10 23:44
17
130
15,322,295
06.10 23:43
15
137
25,230,947
06.10 23:42
15
125
24,648,799
06.10 23:41
6
133
20,096,540
06.10 23:40
16
161
20,790,184
06.10 23:39
17
155
21,645,955
06.10 23:38
2
91
17,343,324
06.10 23:37
13
155
24,188,748
06.10 23:36
20
130
19,647,499
06.10 23:35
16
161
24,842,940
06.10 23:34
5
130
22,708,892
06.10 23:33
12
168
22,223,981
06.10 23:32
15
139
22,070,230
06.10 23:31
14
163
16,200,805
06.10 23:30
11
146
18,887,060
06.10 23:29
13
139
12,153,502
06.10 23:28
18
163
14,430,354
06.10 23:27
9
113
17,679,983
06.10 23:26
12
140
19,761,798
06.10 23:25
15
152
18,037,127
06.10 23:24
8
138
14,214,466
06.10 23:23
22
120
13,832,407
06.10 23:22
16
168
13,249,115
06.10 23:21
9
147
14,140,226
06.10 23:20
11
153
13,841,874
06.10 23:19
15
145
11,340,647
06.10 23:18
22
101
19,000,893
06.10 23:17
9
108
18,686,389
06.10 23:16
23
112
17,684,561
06.10 23:15
4
117
17,710,860
06.10 23:14
4
124
18,889,022
06.10 23:13
7
140
20,575,638
06.10 23:12
14
160
20,047,847
06.10 23:11
18
170
19,517,497
06.10 23:10
14
183
21,032,356
06.10 23:09
13
188
21,544,196
06.10 23:08
19
148
20,541,929
06.10 23:07
22
106
18,948,578
06.10 23:06
9
171
22,904,334
06.10 23:05
19
134
22,086,154
06.10 23:04
14
138
20,472,005
06.10 23:03
2
62
19,434,943
06.10 23:02
18
167
20,345,273
06.10 23:01
10
173
19,628,606
06.10 23:00
13
153
23,206,225
06.10 22:59
17
159
18,830,223
06.10 22:58
14
164
19,888,728
06.10 22:57
5
105
19,716,043
06.10 22:56
19
135
19,748,795
06.10 22:55
12
144
14,526,332
06.10 22:54
17
136
23,087,882
06.10 22:53
13
179
21,116,517
06.10 22:52
11
162
20,289,886
06.10 22:51
17
178
21,050,969
06.10 22:50
22
137
21,203,722
06.10 22:49
15
162
15,835,984
06.10 22:48
18
160
19,552,344
06.10 22:47
13
147
20,594,125
06.10 22:46
8
129
19,426,042
06.10 22:45
12
140
17,450,062
06.10 22:44
15
159
16,995,063
06.10 22:43
6
127
22,219,963
06.10 22:42
12
155
18,086,380
06.10 22:41
10
154
18,691,035
06.10 22:40
17
138
25,854,811
06.10 22:39
9
128
26,814,577
06.10 22:38
19
142
20,823,397
06.10 22:37
16
138
20,350,476
06.10 22:36
19
122
17,552,354
06.10 22:35
16
164
20,102,925
06.10 22:34
6
105
14,356,721
06.10 22:33
14
142
17,595,539
06.10 22:32
3
96
23,182,308
06.10 22:31
18
149
22,886,103
06.10 22:30
17
131
22,914,650
06.10 22:29
13
136
24,643,146
06.10 22:28
18
166
27,795,629
06.10 22:27
19
134
26,159,723
06.10 22:26
13
148
25,021,721
06.10 22:25
6
107
25,824,212
06.10 22:24
14
147
23,533,651
06.10 22:23
5
97
22,063,014
06.10 22:22
17
182
21,546,539
06.10 22:21
16
183
26,793,777
06.10 22:20
15
174
27,089,689
06.10 22:19
15
135
29,511,941
06.10 22:18
12
151
28,124,602
06.10 22:17
22
132
23,665,919
06.10 22:16
14
143
22,979,116
06.10 22:15
19
160
27,920,555
06.10 22:14
17
173
27,649,816
06.10 22:13
16
180
27,349,845
06.10 22:12
14
150
27,444,612
06.10 22:11
10
171
26,777,897
06.10 22:10
10
143
28,325,099
06.10 22:09
15
174
24,799,005
06.10 22:08
17
163
24,888,345
06.10 22:07
21
123
29,730,882
06.10 22:06
22
84
25,340,598
06.10 22:05
12
153
24,372,586
06.10 22:04
15
157
22,821,107
06.10 22:03
20
139
22,917,861
06.10 22:02
9
149
25,914,178
06.10 22:01
13
176
26,375,200
06.10 22:00
15
168
28,665,502
06.10 21:59
17
111
22,677,114
06.10 21:58
11
171
24,101,270
06.10 21:57
25
103
27,983,878
06.10 21:56
18
163
30,796,494
06.10 21:55
16
183
25,397,894
06.10 21:54
17
178
24,786,418
06.10 21:53
16
164
26,483,254
06.10 21:52
7
128
28,739,304
06.10 21:51
10
184
28,385,599
06.10 21:50
9
126
23,989,826
06.10 21:50
9
126
23,989,826
06.10 21:49
8
158
27,294,764
06.10 21:48
12
154
24,109,084
06.10 21:47
16
177
27,696,025
06.10 21:46
14
155
28,403,643
06.10 21:45
7
131
25,073,400
06.10 21:44
12
145
27,237,283
06.10 21:43
16
150
23,843,259
06.10 21:42
6
148
28,062,013
06.10 21:41
10
176
26,077,739
06.10 21:40
8
126
25,183,818
06.10 21:39
19
138
25,591,993
06.10 21:38
18
135
25,942,939
06.10 21:37
14
141
24,526,913
06.10 21:36
20
141
28,810,032
06.10 21:35
20
115
24,986,932
06.10 21:34
8
148
25,641,339
06.10 21:33
9
132
37,374,024
06.10 21:32
15
144
24,192,481
06.10 21:31
17
133
17,481,113
06.10 21:31
17
133
17,481,113
06.10 21:30
18
127
17,742,350
06.10 21:29
13
140
17,953,901
06.10 21:28
8
114
18,253,417
06.10 21:27
16
146
23,345,588
06.10 21:26
9
138
15,610,698
06.10 21:25
7
105
14,315,848
06.10 21:24
20
120
14,795,093
06.10 21:23
21
91
15,533,017
06.10 21:22
18
146
21,506,761
06.10 21:21
8
132
19,270,497
06.10 21:20
14
157
19,762,631
06.10 21:19
7
135
26,443,999
06.10 21:18
17
128
21,135,335
06.10 21:17
9
113
23,948,175
06.10 21:16
17
160
27,359,887
06.10 21:15
12
170
22,824,287
06.10 21:14
13
134
23,751,170
06.10 21:13
11
125
17,482,975
06.10 21:12
10
159
22,081,241
